1,100000000
2,102000000
3,102000001
4,102020001
5,102020101
6,102220101
7,102220111
-102
1,100000000
2,100000020
3,100000021
4,100020021
5,110020021
6,112020021
7,112020121
8,112220121
9,112221121
0
1,100000000
2,100200000
3,100200001
4,100220001
5,100221001
6,102221001
7,102221101
8,102221121
9,112221121
0
1,100000000
2,102000000
3,102000001
4,102020001
5,102020101
6,102220101
7,102220111
-102
1,100000000
2,120000000
3,120000001
4,120020001
5,120020011
6,120020211
7,121020211
8,121022211
9,121122211
0
1,010000000
2,010000020
3,010010020
4,010010022
5,010010122
6,012010122
7,012110122
8,212110122
9,212111122
-100
1,010000000
2,010000020
3,010000120
4,010002120
5,110002120
6,110202120
7,110202121
8,110222121
101
1,000010000
2,000210000
3,001210000
4,001210200
5,101210200
6,101210202
7,111210202
-102
